0 0.1332825942679045 0.5850541378329908 0.09418737899751592 0.3475063527754692
0 0.20673827498606373 0.5789367890118543 0.09547716822512733 0.3006950197716634
0 0.27720985626995703 0.5487280241831067 0.0988476079202771 0.34300985376405235
0 0.0738227984991895 0.6500689841826692 0.147645596998379 0.5029870316346615
0 0.3993161395456402 0.638261414981847 0.17410317973620063 0.6585022025851887
0 0.4849496333973201 0.5527603136892527 0.09448736084714326 0.399068852775469
0 0.5804030339630541 0.5246578769213948 0.15587937880112418 0.4796768656270503
0 0.6805075730924698 0.5026144391649537 0.1275998426967707 0.4519683596955513
0 0.764568955704223 0.5530826713704565 0.2748849506170476 0.7969518903416297
0 0.8445837086310892 0.4935856545645426 0.13009864968197143 0.6129695266917456
0 0.9498529916121846 0.3893199658195184 0.08108741529826133 0.243872016805914