0 0.40888150371301507 0.39256191170577104 0.09668157095872498 0.1776584272121397
0 0.14334083846673817 0.4745740068244255 0.24270837748947974 0.3388956418516669
0 0.23346235226173623 0.3663012803980741 0.06341271397248338 0.11839043507002263
0 0.4672024352013608 0.38202036393930133 0.08261907095872498 0.17700345574818693
0 0.5410590866526397 0.41301134470887907 0.07905756134007813 0.1643579065339754
0 0.5717733733131285 0.41862348987031484 0.07916668874473984 0.1674829065339754
0 0.6617262507177901 0.41756394996172796 0.08941470798203355 0.19291955417661058
0 0.6910417284852717 0.42793636973026966 0.09204863466105592 0.17900260339082213
0 0.7250992699550839 0.4396529656774937 0.10180558057737184 0.1903767510334573
0 0.8344023480853849 0.45490763048363664 0.09243058057737201 0.18994010339082212
0 0.8072669292109109 0.4397385488044362 0.0864533990890262 0.19746150496239884
0 0.9243229486798729 0.5747962913608381 0.15135410264025423 0.2900899607105856
0 0.48462060289470843 0.47745914247534865 0.13247522721932725 0.21988446856846852
0 0.3041320055271136 0.4404793349889693 0.1940724700477512 0.3756293544242794