0 0.7927654712762753 0.38316106307245984 0.08770108935390812 0.15556510339082213
0 0.0673682186505462 0.5561729172873423 0.1347364373010924 0.6501541654253155
0 0.12487744259232161 0.5415431830031079 0.15025891740926922 0.5660702638537389
0 0.19653590861713863 0.3554922129868973 0.0811056440165447 0.12558650496239876
0 0.22404110124923116 0.6087606081483331 0.25354864409608646 0.7192381133156196
0 0.3169280352482766 0.6114617690255346 0.17925662141945065 0.6423802067816444
0 0.4995496312460494 0.6193533899941492 0.15260321475172348 0.6333305384608447
0 0.5774473645767314 0.6352459096388564 0.2109247920909958 0.6797731989237615
0 0.6446348645767314 0.6321166015333046 0.15120434675363228 0.6473202638537389
0 0.4247132632479585 0.6087840711352304 0.2331452374283593 0.7104795434232434
0 0.7157740679105951 0.6248991069099881 0.1405202907383604 0.5343836162111038
0 0.7902928099140949 0.5956610630724598 0.18031004408017814 0.5987029813887501
0 0.8433899905713226 0.6626815891273077 0.1944270880808144 0.6040454528527028