0 0.13855919251812987 0.7554779133235888 0.10056088792272547 0.25206229991529555
0 0.2605412003760127 0.7795384976515127 0.09198640860088991 0.2687037683452644
0 0.3023477107150949 0.7685331082172088 0.08704204342324343 0.22945925782192056
0 0.34482846319629434 0.7263232214137407 0.08547954342324342 0.22936825256024881
0 0.40841792825010625 0.732748255685195 0.07868157981717357 0.18378273677523324
0 0.48308828846535395 0.7689139978632742 0.09783830231458364 0.29397678413027994
0 0.5908280138582481 0.7641971348079167 0.14595477874093507 0.3902749314570915
0 0.67707372891206 0.769302592785129 0.15038541356328866 0.351576452503779
0 0.7467569902845994 0.6616196244257473 0.10276974317557439 0.1322048262236546
0 0.8164872934277527 0.6700243876505141 0.0817338052100677 0.1824022472985769
0 0.8593982313932594 0.7189477350620306 0.1073160020669146 0.1963583314853265