0 0.13515625 0.65859375 0.128125 0.625
0 0.19375 0.4140625 0.078125 0.1921875
0 0.2953125 0.39765625 0.0875 0.128125
0 0.39609375 0.61640625 0.0921875 0.5453125
0 0.44453125 0.3875 0.0890625 0.1453125
0 0.546875 0.60234375 0.0890625 0.4828125
0 0.646875 0.3984375 0.0515625 0.115625
0 0.6890625 0.59453125 0.0921875 0.5703125
0 0.74765625 0.63828125 0.10625 0.640625
0 0.81484375 0.65 0.2125 0.659375
0 0.6203125 0.6234375 0.1171875 0.5
0 0.35234375 0.67421875 0.125 0.5828125
0 0.2609375 0.67265625 0.109375 0.6203125