0 0.78984375 0.39453125 0.0734375 0.1453125
0 0.0640625 0.5984375 0.10625 0.6375
0 0.13671875 0.5796875 0.0953125 0.553125
0 0.18984375 0.39140625 0.0703125 0.115625
0 0.24296875 0.6421875 0.1859375 0.69375
0 0.3359375 0.64140625 0.1171875 0.6265625
0 0.51953125 0.6421875 0.0921875 0.6203125
0 0.59921875 0.6546875 0.1453125 0.6609375
0 0.665625 0.6484375 0.0890625 0.6359375
0 0.44375 0.634375 0.165625 0.6875
0 0.73671875 0.63828125 0.0890625 0.521875
0 0.8078125 0.60625 0.1234375 0.5828125
0 0.86875 0.68046875 0.1359375 0.6046875