0 0.1780432537978331 0.7368238100102629 0.08507443756361352 0.2441954275949012
0 0.29982897376076617 0.7797112676593934 0.07479170199158372 0.26288179508134385
0 0.3418527826537736 0.7752692073545429 0.0718651094333124 0.22381020472226432
0 0.38432053564899854 0.7388049874087722 0.07030260943331239 0.22380111436318478
0 0.4473661726723071 0.754793601771957 0.06715776206571747 0.1784795240041049
0 0.5216866155933981 0.8028725534691592 0.07878972122887742 0.2878999757995032
0 0.6298810615097141 0.8125305854287029 0.12101691596406709 0.3749388291425941
0 0.7164187622353536 0.831126309764773 0.12902782340579577 0.33774738047045394
0 0.7864460308396751 0.7348957548717738 0.09488096878180663 0.1224022408266178
0 0.8550695452676453 0.7540411854917372 0.0702281983633867 0.17693520472226432
0 0.8983855248492254 0.8089695800073471 0.09555558057737201 0.1864556504675381