0 0.24982679549015807 0.4102607803008679 0.08656254631872758 0.11595361474138884
0 0.08663543672265242 0.3991992597836458 0.06141699710451589 0.11224673328250008
0 0.08397712530733167 0.5940032667174999 0.1360789727022978 0.5088684665650002
0 0.17291765487683625 0.6732712329981596 0.2356080918088857 0.5345971248093753
0 0.3936324534718755 0.4249018957078469 0.08587334160399784 0.13466724715020834
0 0.474355914596746 0.42849771476204823 0.0846019400324213 0.14088087955902787
0 0.5926157630251694 0.4320019616279162 0.08045809553293921 0.11893314437666672
0 0.7813851263407889 0.6731867400289231 0.24527849834286092 0.6081800951740973
0 0.6585105525194714 0.6713540959365967 0.26988039205655473 0.6337256090418057
0 0.5220079722880131 0.6455936425737148 0.23139147270229793 0.5110868896270141
0 0.4137780953235423 0.6559336901607635 0.2228897679875681 0.5296186840799306
0 0.2838893881276133 0.6378402664331595 0.2768581381276132 0.6494960794065279
0 0.9173332808078497 0.5527079730270825 0.14246159759985383 0.3107946424768057
0 0.9734696949948202 0.5314856300371866 0.05306061001035971 0.23452177678548622