0 0.4134390753898611 0.43781974106643007 0.07056813335454457 0.1598530348257091
0 0.3692896333943153 0.4682984571452321 0.08019767202418074 0.18221935775648745
0 0.3051453173933608 0.4579098337849124 0.05817722135581711 0.16857293758467104
0 0.568162938056952 0.4490515694242755 0.06847837468172671 0.11445864767057934
0 0.561723128739633 0.5666108836486268 0.10743288136536222 0.2414239393936935
0 0.4951981527291335 0.4858278731331772 0.07672722668681722 0.15236808344622813
0 0.4756134534134054 0.6144098965389256 0.11735332137172563 0.288790262324472
0 0.6642577827418602 0.5883807423096256 0.08566696936663476 0.2496525192218769
0 0.6254407307447236 0.6074273134313817 0.09384309603754382 0.2813119549975255
0 0.5922287887491781 0.6384792395960921 0.12363968403881635 0.2922428109449909
0 0.19191116275458686 0.6573189343053107 0.13256124538508854 0.38796474672063963