0 0.3932875665856594 0.443783136023476 0.061412891526875055 0.1577173247398008
0 0.3494641781929163 0.4782499892574078 0.07126067021222235 0.17852114767057933
0 0.2862556633752774 0.4718085594746529 0.04756859707395851 0.166355340343633
0 0.5481387207459718 0.44485871438132146 0.06188436379145834 0.11092421189493056
0 0.5453929676118399 0.5628274643813214 0.09600740349472243 0.2359994549975255
0 0.4767715606017357 0.4864862924004826 0.06900718597979179 0.14875176051544958
0 0.4612348667381593 0.6162999451594446 0.10178593123013915 0.28312011646291496
0 0.6482997620647565 0.577607016619885 0.07129834422416685 0.2471892605154496
0 0.611035498197048 0.5991201684743359 0.078275696047778 0.2787668091359684
0 0.5781859773954856 0.632597731794176 0.10814503400368096 0.28813516508343395
0 0.17972898717913138 0.679767144391219 0.11032708947451422 0.38188516508343395