0 0.091126204770383 0.5130488766396801 0.09295986318355451 0.22769563206674714
0 0.16175628731209996 0.5602680353915359 0.0650185696514182 0.1405298247398008
0 0.18919521257229913 0.5008587358665058 0.07167800542706693 0.14866987336031984
0 0.22659339325956523 0.586639105608781 0.15831262550802636 0.3448698439616777
0 0.29489965795888634 0.5446729336279421 0.09049660447712729 0.21042624491161738
0 0.3392571675698247 0.5838682304394389 0.13035139981828597 0.3465208751693421
0 0.40700458955066354 0.6508233570791191 0.26088650610443553 0.6073499118040736
0 0.5402298473525796 0.6367907553155252 0.25439084463904604 0.6023348631835546
0 0.6586047111019611 0.6533054686807939 0.23146459972742886 0.5216647173219975
0 0.7237350661449152 0.6553759017429093 0.12640752826698823 0.33073210085908256
0 0.7694293464480685 0.6004936499338869 0.1615128686106214 0.37620173111680744