0 0.11484375 0.5998868913923519 0.225 0.6388090117074648
0 0.2109375 0.36841469847574837 0.1078125 0.2021897347764936
0 0.3140625 0.3690146621750031 0.10625 0.1412431444174141
0 0.37890625 0.6006419120768073 0.1765625 0.5541522105759968
0 0.4625 0.3831594962875669 0.1109375 0.15845791549465282
0 0.53046875 0.6116799269075303 0.1640625 0.4915794877033598
0 0.6609375 0.4265014718906783 0.06875 0.12227497579950324
0 0.671875 0.6265651044042355 0.1796875 0.579170391294156
0 0.72265625 0.6768044362773041 0.2046875 0.6463911274453917
0 0.7875 0.6791800025340827 0.3125 0.6416399949318345
0 0.59921875 0.6441111527070335 0.19375 0.5136272045258726
0 0.3265625 0.65111863504764 0.2140625 0.5965578791939077
0 0.23671875 0.6341896894005621 0.2046875 0.63087833703943