0 0.20560442220899264 0.4963926900879331 0.08230596656500007 0.1129636083130606
0 0.04544751899861067 0.5309136567140541 0.05726959897381954 0.11125566256778666
0 0.07336928424276021 0.7284471868664794 0.14673856848552042 0.5071681262670413
0 0.19102820345979105 0.753473937062871 0.21298192363069485 0.4917976563212708
0 0.3483556198722913 0.4713467174116879 0.08121624525034736 0.13326701795398072
0 0.4268988471708677 0.4529234494577071 0.078200348023889 0.1379363372358217
0 0.543196647607708 0.4233445128858153 0.0761650693385418 0.11761474687674198
0 0.7795666394395828 0.6047570975875541 0.22185039019569502 0.6043340177575891
0 0.6638318834556591 0.6437064889799061 0.24467094756638944 0.6450862827847038
0 0.5230977806821175 0.6492121212970716 0.21178309954250044 0.5074135659621911
0 0.4198266571070133 0.6896512898167867 0.20284451063666714 0.5261090238077134
0 0.2908840395158328 0.6919637444408552 0.2501935957427783 0.6138726442210223
0 0.8846931633752775 0.4510412242473791 0.13060191546256944 0.3085306383672897
0 0.9520631545415622 0.4092486339864953 0.08198127108590292 0.23325792759490122