0 0.2203125 0.45859375 0.065625 0.1046875
0 0.0578125 0.46953125 0.040625 0.10625
0 0.05078125 0.66796875 0.0890625 0.4984375
0 0.1734375 0.73046875 0.13125 0.515625
0 0.36484375 0.45390625 0.0609375 0.125
0 0.44453125 0.446875 0.0578125 0.13125
0 0.5625 0.434375 0.059375 0.109375
0 0.77578125 0.64921875 0.1265625 0.590625
0 0.65625 0.67109375 0.14375 0.6296875
0 0.51640625 0.65625 0.1328125 0.4921875
0 0.41015625 0.68125 0.1203125 0.5125
0 0.2796875 0.68046875 0.15 0.628125
0 0.89765625 0.51171875 0.0828125 0.2984375
0 0.971875 0.48046875 0.05 0.228125