0 0.31598479527373 0.4502753408289909 0.12307606269890758 0.24170140507947585
0 0.2179109219446389 0.4155878275821469 0.13101583203372574 0.25291172359113023
0 0.04618356198281897 0.3649454429210911 0.09236712396563794 0.22364088584218225
0 0.4134592319382756 0.4693105722246694 0.08503062269254436 0.1935168762235353
0 0.44088425059677594 0.5304489688666247 0.16646353071290693 0.3462996250424091
0 0.3487149319303214 0.5256672104291042 0.16008626137808885 0.3351438702330857
0 0.513994486592958 0.561138462876175 0.22538509205917912 0.4436309820286507
0 0.61044222525464 0.601240162420688 0.17798283338636126 0.39668157095872497
0 0.7426007445894582 0.5949132952676454 0.18048966804581604 0.3436656983633867
0 0.8510768632638669 0.5416469407284744 0.08125109468490806 0.13715774881887377
0 0.8597149719128222 0.672470354793625 0.20118397605027027 0.3771875264936879