0 0.8057902073917701 0.3931717638582481 0.09240677068745348 0.15734592721213972
0 0.07977369474058751 0.5411108434660247 0.15438389075426867 0.6521533130679507
0 0.13591460673931482 0.5291159576102139 0.1690270987428147 0.5685060591390091
0 0.20959591271481598 0.3451176391655798 0.08581132535009015 0.12736732878371626
0 0.23444356074949618 0.5995675446660977 0.2770225067631774 0.7234547324222074
0 0.3275304894175416 0.6053937055432992 0.19958730275299602 0.6448887766740204
0 0.5098344594207231 0.6203529638154668 0.17447821475172348 0.6343493829603268
0 0.587414566756814 0.6370631207637268 0.23281797342454133 0.6823545434232436
0 0.6538571794239049 0.6370951999617279 0.17309752808717782 0.6499016083532207
0 0.4354157147517233 0.606622257652995 0.25661910009545 0.7146961625298314
0 0.7257230887571321 0.6329663180348586 0.1577077907383604 0.5351841368892682
0 0.7996691187539505 0.6060720241973303 0.20065890674726905 0.6027740512811264
0 0.8519861440960865 0.668514212162837 0.21617481874599634 0.594126797352185