0 0.30334972768216095 0.5078413189740496 0.11664557792045169 0.24339587516934208
0 0.20076051583160787 0.5272674276350484 0.1261842191541537 0.25326219810012063
0 0.03499874269639934 0.5737340711217562 0.06999748539279868 0.22440685775648764
0 0.39838553815274225 0.47398089608869964 0.0798898717519414 0.1946374706013579
0 0.45000653937055823 0.512643926391853 0.1590706314911742 0.34864994120271575
0 0.3657445876662749 0.5553061391912946 0.1510672167185218 0.3373030054270668
0 0.5282542702958347 0.5015183186353653 0.21542181736714489 0.446828491632257
0 0.6307616615295368 0.4867797099743666 0.16931838473758506 0.3991412641334941
0 0.7460105604738766 0.4128331976498947 0.17148881087432316 0.3446175384437538
0 0.819603793427748 0.31062888851392617 0.07888075081077872 0.13682497060135787
0 0.8840327118538485 0.4204299344209117 0.19237405519228012 0.37849457146044047