0 0.10817453231450158 0.525826180914551 0.12773814191745 0.3475476865718917
0 0.18131193195168188 0.5339926840378089 0.12459329454985521 0.3022260962128122
0 0.25524050527265957 0.5195029371610669 0.13231651451278825 0.3444499576491305
0 0.067762874957591 0.576135253123258 0.135525749915182 0.5039794937534839
0 0.35594485500250705 0.6329563831027325 0.23859631868129033 0.6590669695529872
0 0.45589278050040305 0.5667632356602563 0.13266374409436832 0.39912836729005097
0 0.5545758171608919 0.5591592930382404 0.20112605661557267 0.48076016237139496
0 0.6561655990120574 0.5577871696980654 0.17045640997361744 0.4524624455488821
0 0.7269394012816429 0.6112707180008632 0.34872034154678105 0.7706226139704013
0 0.8177380160724328 0.583404272353785 0.19008440761136464 0.6119192587805987
0 0.9369542967424718 0.5022582906023536 0.09913693756361326 0.24427724082661778