0 0.37734375 0.43671875 0.0546875 0.165625
0 0.13203125 0.56484375 0.16875 0.2984375
0 0.2 0.4421875 0.0359375 0.1109375
0 0.4328125 0.41640625 0.0390625 0.16875
0 0.5109375 0.43359375 0.0390625 0.15625
0 0.5421875 0.43359375 0.0390625 0.159375
0 0.63046875 0.41640625 0.0421875 0.184375
0 0.66171875 0.42109375 0.05 0.16875
0 0.696875 0.4265625 0.05625 0.178125
0 0.8078125 0.421875 0.046875 0.1796875
0 0.778125 0.41171875 0.0375 0.190625
0 0.92578125 0.521875 0.0984375 0.2671875
0 0.46796875 0.50625 0.0828125 0.2
0 0.28359375 0.50234375 0.1046875 0.353125