0 0.04445518641532075 0.49967667167251123 0.0889103728306415 0.22496481818121908
0 0.10385251447742064 0.5524237962671218 0.06890416542531544 0.13859094155801355
0 0.13935767494033735 0.4940385519491647 0.07551803846084475 0.1465125357138149
0 0.16486063503175055 0.5833641047091082 0.16735458974197104 0.3417080332781829
0 0.23766458829873818 0.5454044086868677 0.0956165227450791 0.20931254464226862
0 0.2770695366033271 0.5876504099046838 0.13930236434907695 0.3427796095770768
0 0.33462301737290473 0.6592429918856204 0.27623739991443746 0.601211492693104
0 0.46910717928356355 0.6545537175358912 0.26976907609311984 0.5964148985373028
0 0.583458623659211 0.6798792256535661 0.2441825711307212 0.5163455689919978
0 0.6479385006236817 0.6865598737871269 0.1354496182780185 0.3271000624991762
0 0.7003036753546221 0.634905870540716 0.17186230727698232 0.3714500803560837