0 0.13441330221162268 0.6712843027288684 0.1427077339909267 0.6330394400324213
0 0.18974673858712265 0.4284825266740205 0.0823772045258726 0.19753427956950453
0 0.29141377771653826 0.4152441261359012 0.08981699980360824 0.13383565260503386
0 0.3948422629840112 0.6365262748119936 0.10474412567786624 0.5516053494618808
0 0.43992854576871493 0.4088764638109576 0.09304199375348396 0.15116870181924558
0 0.5449377117543472 0.6271063870941559 0.09969301131468153 0.4888870256405632
0 0.6430080939733169 0.4261496627347191 0.053806776930971266 0.11966183664159917
0 0.6871842990883648 0.623572626340789 0.10488957142314011 0.5766053494618808
0 0.746313859393215 0.6685255614108115 0.12092363758172268 0.6476455955329392
0 0.8134377268796577 0.6730694925541473 0.2272918122497579 0.6538610148917054
0 0.6190428322658519 0.6500944309316842 0.12948050526455718 0.5074572431755746
0 0.3515326245185255 0.6931187231165825 0.137774794295777 0.5906336162111039
0 0.2601263745185255 0.6875610431136572 0.12393046291368784 0.6248779137726856