0 0.37856393258465404 0.4056407049539895 0.09355657095872498 0.17496481818121906
0 0.11427453180875642 0.4845095933450224 0.22854906361751284 0.33051716314779933
0 0.2054364566312712 0.3774317045469524 0.06185021397248329 0.1166341209411625
0 0.43745778294747384 0.39602419724335175 0.07949407095872499 0.17471935633066593
0 0.5089409133473604 0.42834972768216095 0.07593256134007813 0.16216480925276536
0 0.5391914085380369 0.4340678936726293 0.07760418874473984 0.16531708279171564
0 0.6297618448357061 0.4340485284135096 0.08628970798203354 0.19045345048646728
0 0.6582861489193901 0.44448146794292837 0.09048613466105593 0.1764727711033185
0 0.6914433893007432 0.45639508685549596 0.09868058057737183 0.18754663879807013
0 0.8001636248727729 0.4732359391289722 0.089305580577372 0.18738299756436802
0 0.7741740437472469 0.4572933392911279 0.0833283990890262 0.1950864034085667
0 0.8904116242398008 0.5942421400224767 0.16138396641955383 0.2838955332781829
0 0.4497543971052916 0.4910639618538483 0.1292956635169963 0.2146273360381265
0 0.2715401170682247 0.45201291883313743 0.18938497004775118 0.37026940990138846